4720
1401
7797
4775
6722
8187
2746
2159
8216
1777
5357
7165
4351
4473
8465
7083
2554
4714
8159
9259
3023
3072
428
1132
354
6272
2542
7819
3859
8589
4893
3987
6566
4979
7977
4235
6695
3266
7157
3679
5662
2702
3613
703
5938
7134
1882
3278
6377
7963
1606
6928
333
5302
6136
8629
1973
1858
4155
7783
3905
1281
7124
3351
5432
3046
7967
8510
4884
71
542
6220
6282
3965
6817
6409
9237
5270
5851
9363
1067
1363
1389
9232
3533
9503
8853
6320
9108
4358
8875
9028
8567
4533
4867
7701
9590
8021
5237
54
9140
4017
1054
8874
2480
6687
7796
6118
8969
1428
7957
4113
4489
7976
7610
6145
3374
1420
1380
7753
1962
2501
2427
7674
1876
3499
6273
6334
4504
9510
137
6650
5413
3181
1875
593
4209
4811
1772
9867
9444
2320
1750
8503
5572
3768
7691
5064
995
6864
4187
5599
4464
2601
9446
4902
1149
216
381
9058
1529
8696
9717
4165
8702
2077
9326
3513
8051
2610
2062
5563
6202
2715
9049
351
3446
2420
5270
1220
6716
2623
2128
6778
9311
5507
2425
1131
8912
6659
8368
3802
9156
7047
2134
23
904
6835
8356
561
2801
6121
283
1712
4183
6844
8564
6201
3264
1791
9829
9850
6196
9892
1465
4363
2138
5654
6465
1816
7232
3131
7516
7204
9582
4389
8368
6999
8175
3676
5552
9199
6104
1401
4188
8401
3927
3236
9754
9646
2827
1729
9563
9836
6240
4906
9342
2448
1564
3785
1656
3046
4779
2146
5161
622
1193
7326
2579
3384
4218
9487
9982
4880
4916
9169
3
7362
6772
1087
2929
8097
5556
1626
1570
6054
4252
1149
7299
5204
2538
5750
2362
1105
5390
6400
9584
8897
705
1093
7828
4638
9276
4967
792
3139
7267
9538
738
7118
4016
3506
316
132
5821
8992
5916
9788
9787
7704
1764
8184
2950
2581
8196
3011
1493
3351
9830
7698
7572
6282
981
8309
5091
2201
8905
4811
6973
687
8930
4059
4902
9743
53
8399
7133
4909
8836
2149
7050
8003
5313
3178
3551
2396
8284
1437
8247
5612
3321
2537
1482
5544
7260
9193
4948
4383
1549
9990
2465
8269
7269
9580
2029
2319
554
2372
5476
6783
3680
5704
275
6753
5992
4078
1620
7485
6588
3227
3819
4807
8904
8067
2816
58
2079
6470
7701
757
4570
6951
3089
2458
1338
56
2585
5133
4995
1595
1644
36
7984
3248
7409
618
8038
3252
2590
1698
7072
6298
3879
6354
5014
7959
5731
7833
3434
2650
3920
8535
8019
4144
9477
6370
3572
6630
2643
322
4035
6586
1130
9971
826
576
6562
5112
7793
9248
1922
2603
8192
8502
4030
8415
1105
7736
9307
586
6097
5260
6618
7890
338
8585
8170
259
12
6557
2763
3304
4981
527
6117
5254
777
7648
1865
7266
1621
2238
7500
5964
7231
4563
8408
3511
6121
5144
7274
1894
4385
1797
6353
1479
6178
3291
5093
1295
9907
8379
5060
7873
8119
5787
2376
7969
8178
1106
3462
557
7654
3207
2518
4098
2257
584
6077
426
3066
6066
2038
3679
8820
603
233
7370
9384
1856
6415
2113
9605
9574
8656
7994
9203
5783
9802
579
2012
6858
1910
569
3580
7197
5451
1775
594
4568
1324
802
9842
8461
927
3611
9058
9931
3449
5596
4755
4649
2312
2284
6230
6049
709
9215
7175
8386
2616
8480
3525
7976
6897
3765
7383
9904
4027
4264
3207
6076
9046
9854
1905
3593
5422
5481
2518
7040
8508
356
8746
1082
5425
5324
8400
2115
6237
4018
5664
7494
7245
2353
7863
8677
2597
2278
7224
3191
9932
9945
9880
7623
4342
5077
3378
7999
86
1513
851
2214
3386
3684
2349
7702
7732
9708
7009
3189
9634
6769
3152
1551
2357
9173
5
8673
2339
5881
5292
4478
9088
274
130
3042
5856
2450
2061
3934
8365
1982
617
1411
6601
4888
6585
7145
3756
7998
9836
2133
8343
8682
4986
2518
671
7278
6502
7580
4081
8668
2270
2645
6852
3781
2600
4257
8559
3352
9958
8601
3261
6794
4555
4823
7536
50
6602
2312
4742
4983
4767
5456
2110
6046
7691
1948
4280
4167
7986
479
1163
7138
9437
3889
5755
6360
346
9254
2666
9502
6092
8304
584
6461
3080
1567
8748
4792
2071
552
1784
9806
8084
6717
5694
7473
2189
4154
7676
468
3916
9651
7678
9730
4809
6434
2042
9535
6366
7711
2422
819
1480
7156
8894
9375
2406
7913
4610
3331
2698
8687
8010
9187
1350
8429
8962
3150
1559
2525
3890
4257
3315
7695
2911
2438
5242
6636
2939
7869
9312
7028
1676
3960
1234
9392
4969
4304
1294
5963
6212
6680
5628
8867
541
5105
4705
8965
9298
5225
7987
3162
7782
25
2305
3348
3898
2655
9381
1347
97
3307
8551
9287
3761
880
4691
578
3749
3644
1539
8274
6283
5375
5555
3798
2164
3993
2134
7356
2383
202
1592
5561
7905
5943
9620
8599
9187
2417
1212
7812
9809
5856
8862
1191
6984
1710
5880
4389
6963
4761
7566
1335
7424
2841
6699
6340
1318
1172
7051
8210
2702
4660
8763
4483
9553
4344
3976
5752
1923
5231
5283
5580
2176
6280
1264
796
1877
4706
8129
6971
6593
689
8673
5558
9911
4054
9593
4934
8680
2643
4592
502
4715
7632
3094
8347
6848
8969
9905
9428
7891
377
8127
7963
5790
1786
7274
6707
990
2684
2981
7624
6323
3499
3215
2046
8017
2619
5238
2287
4408
290
2860
7176
7025
7315
5375
6344
4437
2066
9715
7874
9801
1052
9108
4221
1407
7949
9832
3764
3721
9757
4785
7004
8694
589
2580
4981
9881
953
2876
372
5292
9056
563
9290
9684
7433
9710
5409
8771
1733
6878
9173
1720
4061
9120
5778
3892
1798
6654
6778
5787
4037
275
9396
7312
940
4655
2964
2537
4681
261
9481
3276
223
2159
6080
930
8985
8915
7417
308
3777
6992
9948
2860
5277
4845
2159
9467
2677
6780
922
5421
3052
5460
717
9903
2496
14
6243
2531
2841
7924
3260
